11010100110000111011001010100001
00000010000000000000010000000000
00000000000000000000000000000000
00000000000000000000000000000000
11111111111111110000000000000000
00000001000000000000000000000000
11110100101010110100001101010001
11011000001110110000111100000000
00110110000000000000000000000000
00110110000000000000000000000000
00000000000000000000110000000111
10101100000000001010110001110010
10001001000110010100000010010010
00001000000000000100010100000000
00000000001010000000001001111001
01000000000000001000000000000110
01110010011001011100111100001010
10001000011001000100101001111101
11100100000001011100001001100100
00000000010100000111001011000111
11101001110001110001010011010100
01000000111101100101000000010001
00001111010101101010010101111101
00000000000000001111010110101011
01000011010100011110111000111010
00000000000000000011110000000000
00000000000000000011110000000000
00000000000000001010110001110010
10001001000110010100000010010010
00000000110100000000011000100100
11000100000000000000100000000000
01000101000000000000000000101000
10110010111110010000000000000000
00110101000001100100110011100101
01001010011111011110010000000101
11001111000010101000100001100100
00000000010100001100001001100100
00010100110101000100000011110110
01110010110001111110100111001000
01010000000100010000001111101010
10110000111010000000000000000000
00000000000000000000000000000000
00000000000000001111010110101011
01000011010100010110010100111011
00000000000000000011011000000000
00000000000000000011011000000000
00000000000000000000000000000000
00001100000001111010110000000000
10101100011100101000100100011001
01000000100100100000100000000000
01000101000000000000000000101000
00000010011110100100000000000000
10000000000001100111001001100100
11001111000010101000100001100100
01001010011111011110010000000101
11000010011001000000000001010000
01110010110001111110100111001000
00010100110101000100000011110111
01010000000100000000111101010110
10100101011111000000000000000000