00000000110101001100001110110010
10100001000000100000000000000100
00000000000000000000000000000000
00000000000000000000000000000000
00000000111111111111111100000000
00000000000000010000000000000000
00000000111101001010101101000011
01010001110110000011101100001111
00000000001101100000000000000000
00000000001101100000000000000000
00000000000000000000000000001100
00000111101011000000000010101100
01110010100010010001100101000000
10010010000010000000000001000101
00000000000000000010100000000010
01111001010000000000000010000000
00000110011100100110010111001111
00001010100010000110010001001010
01111101111001000000010111000010
01100100000000000101000001110010
11000111111010011100011100010100
11010100010000001111011001010000
00010001000011110101011010100101
0111110100000000