00000000110101001100001110110010
10100001000000100000000000000100
00000000000000000000000000000000
00000000000000000000000000000000
00000000111111111111111100000000
00000000000000010000000000000000
00000000001000100110110001000011
01010001000011001001100000001011
00000000010000100000000000000000
00000000010000100000000000000000
00000000000000000000000000001100
00000111101011000000000010101100
01110010100010010001100101000000
10010010000010000000000001000101
00010000000000000011010010011001
01110000010000000000000001000000
00000110001100010111110110100000
00100111101000010010000101001010
01111101111001000000000011101000
01101000000000000101000001111110
00010001110010010000001011011011
10010100110000101010110010000000
00010000000000111001000101101111
11101101000000000000000000000001
00000001000010000000101000000000
00011011010100000111100000101111
11010000011001101110001000100100
01101100010000110101000100111101
00011110000010100000000001001001
00000000000000000000000001001001
00000000000000000000000000000000
00000000000011000000011110101100
00000000101011000111001010001001
00011001010000001001001000001000
00000000010001010001000000000000
00111011100110010111000101000000
00000000010000000000011000110001
01110101101000000010011110100001
00100001010010100111110111100100
00000000111010000110100000000000
01010000011111100001000111001001
00000010110110111001010011000010
10101100100000000001100000000011
10010001011101111011001100000000
00000000000000010000000100001000
00001010000000000001101101010010
01010100001011111101000001100110
11100010010001110100010101010100
00100000001011110000110100001010
00100100011011000100001101010001
01101100101010100000101000000000
01000010000000000000000000000000
01000010000000000000000000000000
10101100011100101000100100011001
01000000100100100000000011010000
00000110001001001100010000000000
00001000000000000100010100000000
00000000001101001110100001010010
00000000000000000011010100000110
00101101101010110100101001111101
11100100000000001010000000100111
10100001001000010000000001010000
11101000011010001101101110010100
11000010101011000111111000010001
11001001000010011000000000010000
00000011110011110100010001011011
00000000000000000000000100000001
00001000000010100010111111010000
01101110011101110000000000011011
01010010010101000010010001101100
01000011010100011111001100001111
00001011000000001010000000000101
00000000000000001010000000000101
00000000000000001010110001110010
10001001000110010100000010010010
00000000110100000000011000100100
11000100000000000000100000000000
01000101000000000000010110010010
11101000010100110000000000000000
00110101000001100010100001001100
01001010011111011110010000000000
10100000001001111010000100100001
00000000010100001110100001101000
11011011100101001100001010101100
01111110000100011100100100001001
10000000000100000000001111001111
11100110000011110000000000000000
00000001000000010000100000001010
00101111110100000110111010010000
00000000000110110101001001010100
01001000010101000101010001010000
00101111001100010010111000110000
00100000001100100011000000110000
00100000010011110100101100001101
00001010010001000110000101110100
01100101001110100010000001000110
01110010011010010010110000100000
00110001001101010010000001001101
01100001011100100010000000110010
00110000001100010011001100100000
00110001001110000011101000110100
00110100001110100011010100110010
00100000010001110100110101010100
00001101000010100100010101111000
01110000011010010111001001100101
01110011001110100010000000101101
00110001000011010000101001000011
01100001011000110110100001100101
00101101010000110110111101101110
01110100011100100110111101101100
00111010001000000111000001110010
01101001011101100110000101110100
01100101001011000010000001101101
01100001011110000010110101100001
01100111011001010011110100110000
00001101000010100100001101101111
01101110011101000110010101101110
01110100001011010101010001111001
01110000011001010011101000100000
01110100011001010111100001110100
00101111011010000111010001101101
01101100001110110010000001100011
01101000011000010111001001110011
01100101011101000011110101001001
01010011010011110010110100111000
00111000001101010011100100101101
00110001000011010000101001010011
01100101011101000010110101000011
01101111011011110110101101101001
01100101001110100010000001010000
01010010010001010100011000111101
01001001010001000011110100110100
01100110011000010011000100110001
01100011011000100110011000111000
01100100001110010110000101100001
00111000011001010011010100111010
01000110010001100011110100110000
00111010010101000100110100111101
00110001001100110011011000110011
00110011001101110011001100110000
00111001001100100011101001001100
01001101001111010011000100110011
00110110001100110011001100110111
00110011001100000011100100110010
00111010010100110011110100110010
01000001001101110100100001110000
01110111001101100100010000110010
01100001010101100101000001110011
01010101010000110110011000111011
00100000011001010111100001110000
01101001011100100110010101110011
00111101010100110111010101101110
00101100001000000011000100110101
00101101010011010110000101110010
00101101001100100011000000110001
00110101001000000011000100111000
00111010001101000011010000111010
00110101001100100010000001000111
01001101010101000011101100100000
01110000011000010111010001101000
00111101001011110011101100100000
01100100011011110110110101100001
01101001011011100011110100101110
01100111011011110110111101100111
01101100011001010010111001100011
01101111011011010000110100001010
01010011011001010111010000101101
01000011011011110110111101101011
01101001011001010011101000100000
01001110010010010100010000111101
00110110001101110011110101101010
01101001011110100101000000110111
01001100011010000101001001000111
00110011011011000101001001101110
01001010010100110110000101110111
01010111011011010111101001100010
01001100010000100100111100110100
00101101010010100011100001101100
01110010011100100011011001110100
01101110011101100011011101110001
01001001011100000100111101101001
00110110001100100011100101011010
01100111010001110100011101010000
01100010011011010110010100111000
00111001001100010100111001011010
01010100010100110011000001010111
00110101011001100101100000110000
01001101010101110110011101000101
01001011011001000111100001010111
01101110010010000101011000110000
01010001010111110101100001101011
00110011010100010101101001001111
01000110010010100110001101001100
00111001011100110100110001110100
01011001011011100101101001101000
01001000001100110111010101000010
01001001010110000111010001011111
01010011011011010101100001010101
01110001011011100100111000110111
01010101010100110110000101010010
01111001011100100011001101001011
01110100001110000011001101010100
01001110011001110110001100111011
00100000011001010111100001110000
01101001011100100110010101110011
00111101010100110110000101110100
00101100001000000011000100110100
00101101010100110110010101110000
00101101001100100011000000110001
00110011001000000011000100111000
00111010001101000011010000111010
00110101001100100010000001000111
01001101010101000011101100100000
01110000011000010111010001101000
00111101001011110011101100100000
01100100011011110110110101100001
01101001011011100011110100101110
01100111011011110110111101100111
01101100011001010010111001100011
01101111011011010011101100100000
01001000011101000111010001110000
01001111011011100110110001111001
00001101000010100101000000110011
01010000001110100010000001000011
01010000001111010010001001010100
01101000011010010111001100100000
01101001011100110010000001101110
01101111011101000010000001100001
00100000010100000011001101010000
00100000011100000110111101101100
01101001011000110111100100100001
00100000010100110110010101100101
00100000011010000111010001110100
01110000001110100010111100101111
01110111011101110111011100101110
01100111011011110110111101100111
01101100011001010010111001100011
01101111011011010010111101110011
01110101011100000111000001101111
01110010011101000010111101100001
01100011011000110110111101110101
01101110011101000111001100101111
01100010011010010110111000101111
01100001011011100111001101110111
01100101011100100010111001110000
01111001001111110110100001101100
00111101011001010110111000100110
01100001011011100111001101110111
01100101011100100011110100110001
00110101001100010011011000110101
00110111001000000110011001101111
01110010001000000110110101101111
01110010011001010010000001101001
01101110011001100110111100101110
00100010000011010000101001010011
01100101011100100111011001100101
01110010001110100010000001100111
01110111011100110000110100001010
01011000001011010101100001010011
01010011001011010101000001110010
01101111011101000110010101100011
01110100011010010110111101101110
00111010001000000011000100111011
00100000011011010110111101100100
01100101001111010110001001101100
01101111011000110110101100001101
00001010010110000010110101000110
01110010011000010110110101100101
00101101010011110111000001110100
01101001011011110110111001110011
00111010001000000101001101000001
01001101010001010100111101010010
01001001010001110100100101001110
00001101000010100000110100001010
00111100001000010110010001101111
01100011011101000111100101110000
01100101001000000110100001110100
01101101011011000011111000111100
01101000011101000110110101101100
00100000011010010111010001100101
01101101011100110110001101101111
01110000011001010011110100100010
01101001011101000110010101101101
01110011011000110110111101110000
01100101001000100010000001101001
01110100011001010110110101110100
01111001011100000110010100111101
00100010011010000111010001110100
01110000001110100010111100101111
01110011011000110110100001100101
01101101011000010010111001101111
01110010011001110010111101010111
01100101011000100101000001100001
01100111011001010010001000111110
00111100011010000110010101100001
01100100001111100011110001101101
01100101011101000110000100100000
01100011011011110110111001110100
01100101011011100111010000111101
00100010010100110110010101100001
01110010011000110110100000100000
01110100011010000110010100100000
01110111011011110111001001101100
01100100001001110111001100100000
01101001011011100110011001101111
01110010011011010110000101110100
01101001011011110110111000101100
00100000011010010110111001100011
01101100011101010110010001101001
01101110011001110010000001110111
01100101011000100111000001100001
01100111011001010111001100101100
00100000011010010110110101100001
01100111011001010111001100101100
00100000011101100110100101100100
01100101011011110111001100100000
01100001011011100110010000100000
01101101011011110111001001100101
00101110001000000100011101101111
01101111011001110110110001100101
00100000011010000110000101110011
00100000011011010110000101101110
01111001001000000111001101110000
01100101011000110110100101100001
01101100001000000110011001100101
01100001011101000111010101110010
01100101011100110010000001110100
01101111001000000110100001100101
01101100011100000010000001111001
01101111011101010010000001100110
01101001011011100110010000100000
01100101011110000110000101100011
01110100011011000111100100100000
01110111011010000110000101110100
00100000011110010110111101110101
00100111011100100110010100100000
01101100011011110110111101101011
01101001011011100110011100100000
01100110011011110111001000101110
00100010001000000110111001100001
01101101011001010011110100100010
01100100011001010111001101100011
01110010011010010111000001110100
01101001011011110110111000100010
00111110001111000110110101100101
01110100011000010010000001100011
01101111011011100111010001100101
01101110011101000011110100100010
01101110011011110110111101100100
01110000001000100010000001101110
01100001011011010110010100111101
00100010011100100110111101100010
01101111011101000111001100100010
00111110001111000110110101100101
01110100011000010010000001101001
01110100011001010110110101110000
01110010011011110111000000111101
00100010011010010110110101100001
01100111011001010010001000100000
01100011011011110110111001110100
01100101011011100111010000111101
00100010001011110110100101101101
01100001011001110110010101110011
00101111011001110110111101101111
01100111011011000110010101011111
01100110011000010111011001101001
01100011011011110110111001011111
00110001001100100011100000101110
01110000011011100110011100100010
00111110001111000111010001101001
01110100011011000110010100111110
01000111011011110110111101100111
01101100011001010011110000101111
01110100011010010111010001101100
01100101001111100011110001110011
01100011011100100110100101110000
01110100001111100010100001100110
01110101011011100110001101110100
01101001011011110110111000101000
00101001011110110000101001110111
01101001011011100110010001101111
01110111001011100110011101101111
01101111011001110110110001100101
00111101011110110110101101000101
01001001001110100010001001001010
01000111011110000100010001010101
01100001001100100110101101001011
01011010010010000111100101100111
01100111011001010111001001110010
00110100010001000110011101000011
01110111001000100010110001100111
01100101011101000100010101001001
00111010011001100111010101101110
01100011011101000110100101101111
01101110001010000110000100101001
01111011011001100110111101110010
00101000011101100110000101110010
00100000011000100011101101100001
00100110001001100010100000100001
01100001001011100110011101100101
01110100010000010111010001110100
01110010011010010110001001110101
01110100011001010111110001111100
00100001001010000110001000111101
01100001001011100110011101100101
01110100010000010111010001110100
01110010011010010110001001110101
01110100011001010010100000100010
01100101011010010110010000100010
00101001001010010010100100111011
00101001011000010011110101100001
00101110011100000110000101110010
01100101011011100111010001001110
01101111011001000110010100111011
01110010011001010111010001110101
01110010011011100010000001100010
01111100011111000110011101101111
01101111011001110110110001100101
00101110011010110100010101001001
01111101001011000110100001110100
01110100011100000111001100111010
01100110011101010110111001100011
01110100011010010110111101101110
00101000001010010111101101110010
01100101011101000111010101110010
01101110001000100110100001110100
01110100011100000111001100111010
00100010001111010011110101110111
01101001011011100110010001101111
01110111001011100110110001101111
01100011011000010111010001101001
01101111011011100010111001110000
01110010011011110111010001101111
01100011011011110010010001101100
01000011010100010001110000010000
00001011000000000100001000000000
00000000000000000100001000000000
00000000000000000000000000000000
00001100000001111010110000000000
10101100011100101000100100011001
01000000100100100000100000000000
01000101000100000000000000110100
10011001011100100100000000000000
01000000000001100011000101111011
10100000001001111010000100100001
01001010011111011110010000000000
11101000011010000000000001010000
01111110000100011100100100001001
11011011100101001100100000001010
10000000000100000000010000111101
01101111111011010000000000000000
00000001000000010000100000001010
00000000000110110101001001100100
001011111101000001101110